0.0,82.2796942184053,-176623.70872519357,-2.0377734493526933
1.001001001001001,35.78950662186571,81922.58354860151,0.2900080653638057
2.002002002002002,-108.54430394992647,61146.808331165754,0.46025929706384927
3.0030030030030033,-2.6584902702917224,9301.573325345928,1.026491858989183
4.004004004004004,-157.41393928244247,79807.59571593694,-0.1180836179236735
5.005005005005005,89.14767954451634,26282.691559362007,1.2048400208293455
6.0060060060060065,-95.68500210693801,25390.472898907457,0.6376901854855881
7.007007007007008,-148.4059426853769,101345.34190144917,4.12826582183114
8.008008008008009,132.57821863056287,82006.1892320171,-0.14355207515929624
9.00900900900901,131.93635032198674,-32343.263969322146,2.6909150076619754
10.01001001001001,174.79177305030257,4865.3911493413525,4.361196595886925
11.011011011011012,39.3527177885332,39587.47330027729,3.3467248106984386
12.012012012012013,128.86846897108927,-84080.17862606533,1.7004779160564607
13.013013013013014,-20.010399029733698,-172257.76987209535,2.397274163332837
14.014014014014016,8.705731538551088,-89698.2386790667,2.5861281584197644
15.015015015015017,175.79581270276495,-70585.47493073436,2.9355209408467697
16.016016016016017,62.000139273850856,-196270.58432477608,2.1642206671255635
17.017017017017018,161.13486173931003,-97764.31747642989,1.7830061142161893
18.01801801801802,26.62045938926915,-101388.02198340282,4.615309735091858
19.01901901901902,-107.80953720894414,-7346.895509069493,2.8191865885963905
20.02002002002002,14.517297206126713,15094.332117867192,2.7828144803720507
21.021021021021024,-27.904661300272164,-85924.46501342766,4.733672934214808
22.022022022022025,-49.913573425231576,-61251.956330743655,3.055977453185443
23.023023023023026,89.47113165929325,-27697.631514281027,3.985064234935157
24.024024024024026,46.337041396411635,-175820.110135541,2.98911443020144
25.025025025025027,-58.54909253420885,30059.347662234024,3.3792637257321467
26.026026026026027,75.87658675984812,-93463.55628329607,2.0628165061680166
27.027027027027028,178.23633059094584,-34538.35032122001,4.375700295300437
28.028028028028032,43.21702423709843,-55345.830004820076,3.591822155873288
29.029029029029033,104.97908030313324,11675.82500539483,3.73592722067993
30.030030030030034,-137.47435679777232,-29403.159288083785,5.1575046534068605
31.031031031031034,-33.948161530627075,-45865.16597280346,3.9888090079705973
32.032032032032035,113.82644550770468,127375.86815334816,2.8435147857349934
33.033033033033036,71.32607629128893,-76192.97231216793,3.5941528414489894
34.034034034034036,66.19125195426886,-189731.8881927952,2.2813735777555397
35.03503503503504,55.584464737337996,-51586.61305117549,4.037118723171643
36.03603603603604,109.27668304070897,125960.37349747156,2.6981873744012286
37.03703703703704,6.594965877129212,-57834.93352598394,4.012086395243315
38.03803803803804,195.77961573946652,88255.51860093781,2.8198632816824944
39.03903903903904,82.52159700269225,-14670.441353953931,4.467154622595148
40.04004004004004,-11.458220290397364,-166942.52350864804,1.9829380041381894
41.04104104104105,100.41894042971651,131979.26793915426,3.1274258511123927
42.04204204204205,160.09836555299347,47801.74948163089,0.7038147369910059
43.04304304304305,158.70085618573802,54449.81258762044,1.143290655529638
44.04404404404405,67.90503779165121,87406.9754076608,4.283769648929124
45.04504504504505,-73.98002266283487,89660.06667096108,3.289146902846474
46.04604604604605,-18.108468311931254,-82136.98923556897,3.2394799792684084
47.04704704704705,147.13707662252216,-39885.55903888027,4.1462824942896965
48.04804804804805,-9.407548243420507,150144.45251132836,4.79987337796999
49.04904904904905,109.77494803449699,31209.01575959084,3.6047791485877427
50.050050050050054,170.725836099377,127297.34875241609,3.946646677997573
51.051051051051054,107.85969110840873,859.9409726191473,4.092882671900643
52.052052052052055,82.28891233622167,-68275.51234499729,2.5652214201129455
53.053053053053056,213.23616840717492,-115174.56295788648,1.561393570045639
54.054054054054056,-84.77556963781669,-67390.71445039898,4.53555889302565
55.05505505505506,0.43384671577772593,135778.5675313082,3.0750956038917177
56.056056056056065,-90.64567567183752,8252.078397778256,3.8315542729578524
57.057057057057065,-40.949551971081036,59687.53125171601,4.393758179992918
58.058058058058066,-27.052981684594414,106270.88428244654,1.9631961542643181
59.05905905905907,-0.30890516940502266,51904.160808245426,2.711095097361408
60.06006006006007,14.258315473094271,131534.44730136805,6.062285823155514
61.06106106106107,47.666811482683045,57533.705893162674,3.503453423411231
62.06206206206207,42.495728386728764,-4409.914166906373,3.974986696353235
63.06306306306307,99.56807188071022,25256.262616112555,4.488589357748801
64.06406406406407,6.841350411660038,45711.167318156644,4.705431109671386
65.06506506506507,-0.8048021870094573,127317.25909695044,3.4451032301843565
66.06606606606607,128.02817011608622,-94566.18219003752,4.1217867767954335
67.06706706706707,-145.27048681818985,99592.32138923707,4.815845897625044
68.06806806806807,-6.889748230156201,-35268.39079132535,5.812317010792603
69.06906906906907,155.84824157908236,231532.3613714884,4.4017748312918545
70.07007007007007,-23.89831129651367,-78632.20739658555,4.254892556535388
71.07107107107107,-45.77562553748466,-5216.965669350015,4.690400349028147
72.07207207207207,121.72214372424395,86888.41222929553,4.160215156340694
73.07307307307308,103.48187829745982,-86403.37911038601,2.978426323828628
74.07407407407408,206.82663089803256,18667.213375564486,2.8660798908218874
75.07507507507508,119.99414130176955,38448.35183979166,4.3498083098618
76.07607607607608,136.58098180365326,-25642.58619548838,3.9579967414339094
77.07707707707708,146.17138814731447,81824.81531028666,4.5322929210846485
78.07807807807808,134.34268513655246,36654.95163489236,4.395880822052643
79.07907907907908,22.97322451319001,-24412.969258895413,4.852159953766487
80.08008008008008,254.93610640609148,28924.714432142115,6.2109266150590745
81.0810810810811,47.3415977360883,57736.56428093,4.646404671101073
82.0820820820821,197.86846213450627,28495.93625601156,4.5889364730888484
83.0830830830831,92.37900280968539,86639.82083235167,4.784542271512648
84.0840840840841,38.538564807953634,-58231.83567846552,4.872375050140159
85.0850850850851,217.65196958644373,-130558.38559710549,4.611824855050255
86.0860860860861,232.1344583944229,82596.22045485374,4.454107697114094
87.0870870870871,152.36275384966547,49948.27913958441,3.484367952035981
88.0880880880881,28.637656402781786,-19958.459076797648,3.645466797817473
89.0890890890891,199.8428760047724,-21604.052310807125,4.6846445766093945
90.0900900900901,-53.63392084877056,-58522.43645136813,3.106657074650852
91.0910910910911,138.13545147233404,57530.67080066353,4.832190088390819
92.0920920920921,201.52402652453213,-142308.83693153158,3.7614118362930764
93.0930930930931,164.00785254131654,77113.70814327704,4.289764266335991
94.0940940940941,-85.84739956240422,52202.195735272166,4.064372896332204
95.0950950950951,226.32327854081288,-38521.7786291603,4.596965561379633
96.0960960960961,129.98136110793524,-163786.10011477536,4.341235519735278
97.0970970970971,-37.163526681481585,-28037.957398367784,4.359814716123516
98.0980980980981,48.78524316805613,-53844.99352139176,3.1366135227543213
99.0990990990991,-112.16326399859113,-58156.68744186371,3.8788062578079265
100.10010010010011,198.22933389821225,88221.62431796838,5.995388176212877
101.10110110110111,23.300932148679905,45521.20990434529,5.232067366597938
102.10210210210211,326.9363612482005,126450.46952942372,4.4383290407274725
103.10310310310311,137.74266743934334,122270.83974510127,4.002691436824582
104.10410410410411,27.079616705659674,54639.11990329521,5.399713215309917
105.10510510510511,273.88977729696217,-65004.58402176703,6.064099499971843
106.10610610610611,-43.502160870887494,-64463.639936304186,4.312691120632792
107.10710710710711,67.13392164735514,-116097.77345531658,5.328222950477394
108.10810810810811,42.38114905878726,118910.32010269788,4.117859942421477
109.10910910910911,132.2554147436704,-55499.634820095496,3.737237561378859
110.11011011011011,152.10391123866282,184078.38698290676,4.929973318064888
111.11111111111111,14.894146105570172,262413.96475680574,6.720522697499405
112.11211211211213,147.41423797781619,-106591.76699368001,2.7043626032370702
113.11311311311313,222.08412058784015,-72877.7301305923,5.508880729038003
114.11411411411413,259.29324044053726,-107665.7122845466,6.970890316490948
115.11511511511513,72.53847135493137,-109018.55865672586,5.6206062972096245
116.11611611611613,1.899981297092097,83333.40058323555,4.39002375731219
117.11711711711713,338.94930520792667,-85466.90675976334,3.5523575851893785
118.11811811811813,119.03390094476735,47453.879479793955,3.9756636799202294
119.11911911911913,88.27302916645712,158096.9879487349,4.867691879823763
120.12012012012013,151.97629766192532,113659.07909722312,4.176683696897189
121.12112112112113,142.88836055240185,2705.3211766443,4.231902664068938
122.12212212212214,81.49351964361824,136951.4841062735,2.782153067867421
123.12312312312314,194.819180992594,79694.58251788608,5.080816036446484
124.12412412412414,159.30878899654647,-26417.360364974575,4.473117638662785
125.12512512512514,138.7219309959072,11011.973001004138,5.095885123334066
126.12612612612614,102.22919742011742,-82591.71024519595,4.8113748343249005
127.12712712712714,219.63464308419628,-10982.337486033179,4.511797504778954
128.12812812812814,132.44695072774277,-11805.637692498527,3.5188852965836483
129.12912912912915,135.55634033487323,93698.06462854215,4.174366312080423
130.13013013013014,251.36373871188576,69604.49573499552,4.143630770800214
131.13113113113116,159.0569366814963,76404.72263731231,5.091787411168421
132.13213213213214,178.45834138580227,-23878.92249645396,5.322745282211147
133.13313313313316,219.9045562422184,113969.97677834544,4.891489712725433
134.13413413413414,111.74966092761696,38234.12426447194,6.154283213087034
135.13513513513516,25.716039202753365,-88889.18776289144,4.349230993164794
136.13613613613614,275.8455267638907,-79382.36758350572,5.384883695780926
137.13713713713716,82.52650666430344,-60399.04715771244,3.9673780740282627
138.13813813813815,169.87150819944935,88522.21076384277,4.959877259556807
139.13913913913916,-17.014880535491415,-49802.80739863249,5.122217538676726
140.14014014014015,238.3306882842191,51759.87170002499,5.015328693286906
141.14114114114116,191.80204440298792,33785.48541505334,4.780962213302412
142.14214214214215,-79.7769892564358,-65113.07965666363,5.336808257633609
143.14314314314316,243.93093979733106,-67721.22608436721,4.616854739267589
144.14414414414415,278.08516010445146,77308.84649475041,4.311914683884081
145.14514514514516,223.85480130181935,128870.3326470799,6.345524383648425
146.14614614614615,162.52928588980143,-119088.34289459101,4.847635170665679
147.14714714714717,-34.29037036587965,38327.95996373675,5.2900268829349955
148.14814814814815,179.36148099696632,49900.63024444721,4.57066443497393
149.14914914914917,362.6640761224663,290097.28375722497,3.8906570050003406
150.15015015015015,221.82244696874326,9196.605927217204,5.269644611011288
151.15115115115117,130.315991322947,97369.64706378302,3.95955536081284
152.15215215215215,101.06051089944793,9958.372160800236,6.467937285378584
153.15315315315317,148.83867901829515,-17470.277179070115,5.3473171635750925
154.15415415415416,113.70187178029894,114185.04746129409,4.589299359762373
155.15515515515517,145.138317539633,-9213.709695841186,6.493538276632004
156.15615615615616,149.51385300483378,55546.76621089797,4.327754230856237
157.15715715715717,20.192639055717734,-94076.39281445568,6.442808654678
158.15815815815816,-29.88136767127196,326.9681042086704,5.663581711851601
159.15915915915917,193.97419509950814,-100951.61696179262,5.3850982405813195
160.16016016016016,168.74898175078266,-116686.13021970348,4.75771562150214
161.16116116116117,185.99961291621466,55459.669740109646,3.9928457030978945
162.1621621621622,32.97001854962201,88015.54577916264,6.1928771650042975
163.16316316316318,225.939796994268,-67971.90170887954,5.579256488860482
164.1641641641642,304.7511470453779,107816.73808539932,4.58751570698651
165.16516516516518,94.5084212854125,64084.75623040474,6.717171222592986
166.1661661661662,126.62526373006637,-44391.79441805594,7.427434858023958
167.16716716716718,47.472062320377205,199977.21551058034,4.993418295399445
168.1681681681682,90.5136401656958,-2404.9396460005155,5.3061292550692185
169.16916916916918,76.67131481161995,201843.75877216243,4.367857278780296
170.1701701701702,199.78284324283942,137220.67752747508,2.976761978387503
171.17117117117118,262.85485145538144,169968.00644404945,5.10292581153044
172.1721721721722,226.9605728263162,41627.59421769729,6.885333614796147
173.17317317317318,172.7891961154807,-193227.30610008532,5.61212475430482
174.1741741741742,-138.42038186021506,-18353.35392569333,4.499682074035734
175.17517517517518,187.52262305551204,-106937.06885401116,3.9131684951432866
176.1761761761762,397.16239356939104,46059.44201179591,4.989112511556354
177.17717717717719,346.20725905300935,-122776.79913775576,5.584108299388904
178.1781781781782,-0.5371441429932133,21237.06211526355,3.083603630469527
179.1791791791792,110.12341702449162,11343.12124021836,4.5380250222892515
180.1801801801802,297.09683103966404,-54597.419524605604,2.1769270678893164
181.1811811811812,73.69070618366982,-43154.61933322486,5.27734022137954
182.1821821821822,70.97282545104785,-115550.4332034319,4.787248746662167
183.1831831831832,205.97797786028627,94968.13181321883,6.823075706181962
184.1841841841842,52.66729953457633,110117.78055548662,4.282583382168935
185.1851851851852,190.08836215146042,-4785.925774170108,4.485835407932309
186.1861861861862,203.9874850917165,114861.96410468876,3.8889092264457914
187.1871871871872,131.23028701061986,-19253.649802383436,5.753046315456472
188.1881881881882,41.583128709889934,96276.91386420839,3.891305657916975
189.1891891891892,245.99190002000495,89100.11260498551,4.095483221945651
190.1901901901902,225.14258209721106,112100.24767573294,5.13762521556523
191.1911911911912,113.84179625392552,-125080.25946813618,4.280894352149611
192.1921921921922,250.26295980977778,-162861.44004600003,6.0411398262778295
193.19319319319322,234.43025334393698,29150.623136333572,4.080496455446146
194.1941941941942,-34.26390584220846,-96853.27470299756,4.673073697112525
195.19519519519523,237.97825940236936,185410.91404536963,5.716822541819386
196.1961961961962,152.0681748330305,-140739.29830563616,4.142028141145105
197.19719719719723,149.17769117943394,143305.97260683333,5.552901895321604
198.1981981981982,242.6847121825909,94086.84804622034,4.989471604269124
199.19919919919923,81.57781053264232,169449.91772568095,5.186245836153556
200.20020020020021,140.17919563882913,50512.92026463429,6.243974113964947
201.20120120120123,335.0417325947192,-92467.65050670295,5.327532804122263
202.20220220220222,336.4853034804273,-77058.38237764404,5.520662920979688
203.20320320320323,336.2954913759237,2868.812137704277,6.069120224784167
204.20420420420422,73.21449594617323,-35626.93177109935,3.8803393230695695
205.20520520520523,424.6074922827936,-42723.61553790464,5.62552512773064
206.20620620620622,300.3291418708239,197633.03603128638,6.246893415149137
207.20720720720723,84.28016170463279,18358.999174915112,3.937944155871595
208.20820820820822,201.17968348037158,86452.06144426319,5.261732298505502
209.20920920920923,208.502309449282,24103.75648447947,4.857351981385488
210.21021021021022,196.79352353226733,111374.33517488743,5.566068876846923
211.21121121121124,78.87045793279859,-11166.20398745843,4.847768135862724
212.21221221221222,285.3372250263686,-63951.2509859853,6.582775335310748
213.21321321321324,197.0474046094482,316314.9593732579,4.875470515641336
214.21421421421422,94.10526149272786,-76022.64974693005,5.17822189631771
215.21521521521524,371.93589497377434,16235.467798946462,5.17117932770826
216.21621621621622,446.874721794264,-69291.95485554147,4.859959456666463
217.21721721721724,189.93712268944546,70774.73202884346,4.301972251905295
218.21821821821823,131.19484760437348,-77928.0702864812,6.201166377127281
219.21921921921924,281.0335966143777,135245.53253497294,3.833306044320703
220.22022022022023,116.40416300464393,-57171.51774241726,5.686965170851273
221.22122122122124,220.32053374467392,31677.285678788005,6.239693820690123
222.22222222222223,164.86535675267106,8849.987470226202,4.3745492846077525
223.22322322322324,156.35863726054208,-40227.94481065056,5.7550774438254075
224.22422422422426,224.01811881824565,-98835.52044909856,4.372871154398373
225.22522522522524,261.09482861689753,232528.4386246659,5.885527853784443
226.22622622622626,247.8568573213939,-6280.929594518355,5.85649323975142
227.22722722722725,263.40208153032927,94914.84556601619,6.061997405506885
228.22822822822826,361.5022546907011,14939.75273074706,4.876881879230781
229.22922922922925,278.16178790435436,-35385.716802786,5.622984914066128
230.23023023023026,348.92840350561886,99091.15352229675,5.014700470834414
231.23123123123125,311.6282415563279,-6609.533148577706,7.094063718994513
232.23223223223226,320.7407343576448,80613.67707993496,3.7486447568161854
233.23323323323325,142.64012473152934,96947.9083337725,5.866269324025408
234.23423423423426,226.33125425283566,85769.49556173502,5.843711465405983
235.23523523523525,207.32771476256693,235213.4055342727,5.22402026532154
236.23623623623627,219.84034877314764,-4673.258100952116,4.340629013122602
237.23723723723725,421.9658942898201,-25581.019222657378,5.747013387893332
238.23823823823827,86.10059314419766,22627.717378122004,4.097059036513233
239.23923923923925,118.61145391097102,230797.20540085633,5.80917914222432
240.24024024024027,214.82361014385089,286800.84067487577,5.209147687956756
241.24124124124126,283.4432281325297,119135.87771806135,6.592772712787619
242.24224224224227,102.16977655431185,-36998.53033023968,5.1424872657797325
243.24324324324326,307.623672506003,13882.235588382158,3.9719794692042045
244.24424424424427,373.5957945486556,-36997.49691834733,5.685481950459534
245.24524524524526,288.13155589399514,116706.72297134591,6.462838212356205
246.24624624624627,211.61700961241434,8468.622502845239,6.104873284867761
247.24724724724726,327.32118067026533,-17187.946103552633,3.6722803063973597
248.24824824824827,115.98821187350063,35052.929468722985,7.1380779227140145
249.24924924924926,290.0948504278827,108075.84903278894,6.224293130157342
250.25025025025028,325.8385892019776,-238289.25305925074,5.52056525003424
251.25125125125126,91.44687823679374,175280.6687766875,6.179514319638254
252.25225225225228,239.00111433085948,61492.78583624964,8.545388352059202
253.25325325325326,446.96564986959527,25103.87050693301,5.509593342268807
254.25425425425428,257.3557738265944,-157287.80372821522,3.8119711687741233
255.25525525525526,334.07850119564006,118678.88062808919,4.768926738301213
256.2562562562563,304.4767430039159,246130.8909679794,4.018808597107248
257.25725725725727,401.13778047975643,35691.47339665866,3.9488496814482903
258.2582582582583,216.28845228235764,216043.53462868958,6.564640942382457
259.2592592592593,207.07858864689982,144180.7997129159,4.513501628761726
260.2602602602603,272.8292567279729,6071.262251594722,5.187573779113242
261.26126126126127,287.32374787567124,-68787.63159411853,5.219679196648515
262.2622622622623,303.03724810906476,14872.455196331946,7.182774712400841
263.2632632632633,463.79296240767053,37757.67068430378,5.697561365406928
264.2642642642643,163.85788265583435,1157.4681309490115,7.1162432012646955
265.26526526526527,267.3690303223991,-62755.55468329217,5.2471272459187395
266.2662662662663,324.27848693625674,24770.380386300487,5.390514927836671
267.2672672672673,232.56927331357713,6027.79731538616,4.108842576568232
268.2682682682683,155.6779634138224,137062.66311563592,7.832130791137499
269.2692692692693,138.62454712732278,193687.93059595668,7.559310397770148
270.2702702702703,83.63271855916395,54715.36163382839,7.116266217311788
271.2712712712713,282.25721498533915,87048.02977840538,6.192721191486444
272.2722722722723,305.2613909368906,-59043.966250947444,5.9879718846031125
273.2732732732733,281.2035775737898,81612.92370933987,6.9309480561826575
274.2742742742743,191.3881374700449,-45366.284547239455,6.127584428403445
275.2752752752753,292.5386054068444,227462.93205295684,7.323129199899238
276.2762762762763,314.8774853581352,67204.16736829962,5.0836154696078
277.2772772772773,337.0449100341397,66669.14692806614,6.726419358047885
278.2782782782783,315.8366827597181,-13893.403859893966,5.143911521240155
279.2792792792793,290.6679383368249,137151.0553008815,6.947858462027199
280.2802802802803,317.81062061945994,97179.51092527919,6.362141404739367
281.2812812812813,447.62475089091356,31057.73067492748,5.203210370858734
282.2822822822823,327.025227290417,272028.5771722774,6.70708250906279
283.2832832832833,143.34991605133953,101421.73438105595,5.483934465154925
284.2842842842843,269.9241880221827,9941.065656893363,5.378008720860232
285.2852852852853,338.8593666233697,-135355.811799097,6.523540401724572
286.2862862862863,281.2191606267848,106125.34501532816,5.092619322906733
287.2872872872873,321.42366816488936,131691.86446225736,6.458321218387687
288.2882882882883,92.67300776352783,129470.55118197878,5.7877790676995176
289.28928928928934,171.22236843586975,163300.51178395623,5.045845879598652
290.29029029029033,206.3244906137762,-48817.21757032379,5.039456095988637
291.2912912912913,292.79735266382426,32667.263169267695,4.587874089413944
292.2922922922923,241.2349620523883,263218.13385261875,6.591503707234648
293.29329329329335,321.75721276631424,-20816.677399014778,5.756893699336997
294.29429429429433,257.8864785142303,-10941.448526620865,5.553156167157068
295.2952952952953,288.6891982561425,128713.82518386503,7.016225931464521
296.2962962962963,323.6050534160744,182246.571401626,7.9280868363749075
297.29729729729735,390.2663926551994,14248.040085469125,6.610919413827312
298.29829829829833,146.21529192683693,-1690.3136168477358,5.607263009621618
299.2992992992993,280.27290507935413,-5992.89603316244,6.010340666466516
300.3003003003003,265.12300053500167,-8739.912821576567,5.75808757584138
301.30130130130135,215.8981643088806,22233.779246003294,6.237424514595941
302.30230230230234,323.00566188315196,94678.7135275491,4.495966572237289
303.3033033033033,445.8786090786107,54334.02104204311,5.034506945847126
304.3043043043043,295.5626232998831,-7253.371311977651,7.586795324050939
305.30530530530535,284.6733770598996,60753.073311533124,5.738723587615797
306.30630630630634,230.29044574428264,86790.86545038244,6.664713954781271
307.3073073073073,212.79984925653304,60132.97147655004,7.307406988440901
308.3083083083083,457.7496999353543,-34938.622778872086,6.607576796484741
309.30930930930936,302.0519118247159,78599.02873087981,4.3271747493131585
310.31031031031034,389.91484778949905,189698.64268438454,6.508578069374711
311.31131131131133,58.97720459695606,39958.43385710949,5.653303916717323
312.3123123123123,390.3086583237511,-104241.24335940943,5.405864253036115
313.31331331331336,259.9260724045546,96011.44661148028,6.052611762202454
314.31431431431434,454.5230701626735,162850.46703263093,6.750917949593282
315.31531531531533,318.5981413998162,94521.29624066394,5.45003939881303
316.3163163163163,209.52273066883475,91964.59202417487,4.722611643268556
317.31731731731736,326.5258329024212,-22767.431041353426,3.880476805757838
318.31831831831835,435.6315443948229,-109822.76115011347,7.454053981302565
319.31931931931933,322.2844316824008,232512.54892434378,5.964365390623254
320.3203203203203,370.43989443502227,137793.92554356807,5.161760903811317
321.32132132132136,357.3416029560136,47164.27885305945,3.2731862067251725
322.32232232232235,335.6978690952541,144167.905474121,5.351696990185568
323.32332332332334,525.1657955990033,15001.231609067967,7.284259073868965
324.3243243243244,389.2635954326363,134511.84442604706,5.488477788221969
325.32532532532537,376.296988675923,171112.0529459902,5.745390497044433
326.32632632632635,250.42639650985808,28849.386518379702,6.347088236565973
327.32732732732734,518.4511847922142,88330.726551243,4.753668352071349
328.3283283283284,241.00480667108422,-54918.71517450665,5.679747994170026
329.32932932932937,179.79886116598692,261914.96141761425,4.302413250053042
330.33033033033036,411.1381753829672,78349.01852344276,6.010266291606565
331.33133133133134,409.38432388106105,124865.77950089861,3.1827579765878964
332.3323323323324,173.27340808377346,113163.25401482973,4.504726661949691
333.33333333333337,315.91336697459826,222611.02504848008,6.188565033249411
334.33433433433436,235.33784513137448,-7827.732850979228,3.6823499282210763
335.33533533533534,345.8731688984492,131055.65308772899,4.7671955221512095
336.3363363363364,363.78680878209707,101220.37690941831,4.785317596790761
337.3373373373374,404.85917628941894,129225.27496894609,6.12466061552929
338.33833833833836,474.40151577045566,75144.01526695547,4.170633574022207
339.33933933933935,337.68730600563003,42196.998183468095,7.639103792964246
340.3403403403404,316.1707833680763,39324.89012703947,5.544687598803142
341.3413413413414,393.1232744996658,-19901.57518114461,5.874349729144571
342.34234234234236,299.26870017755977,129785.25933557888,6.92873990490379
343.34334334334335,70.06964777399702,127127.98193862359,5.339399342192055
344.3443443443444,201.82113312611847,57520.24932859953,5.443977495155213
345.3453453453454,385.8458247240251,171826.88905335692,7.119480191686671
346.34634634634637,256.74620088437456,38404.12661952728,6.85922550715625
347.34734734734735,284.34084325098814,298201.9700255889,5.306530272002469
348.3483483483484,320.0628387838207,228508.4516091412,5.478415735818125
349.3493493493494,474.63517944549767,52848.82301722962,5.254791313571791
350.35035035035037,382.7203028311157,144706.66854094583,5.832910407367023
351.35135135135135,271.8655580708621,203092.09163998294,6.6280460217239625
352.3523523523524,336.9588509956388,178002.63936273532,5.443493272801274
353.3533533533534,233.3227594272592,330131.9497098089,4.425337734354827
354.35435435435437,292.28071852419777,206380.39487241083,7.203920104243514
355.3553553553554,470.1609607350109,147072.94819162958,6.76657530607412
356.3563563563564,342.3255739771486,35258.40175115877,6.485261644815053
357.3573573573574,373.7089774300717,174634.8674478231,5.129511677793011
358.3583583583584,333.47828122368423,218070.65016094848,6.668531625604745
359.3593593593594,305.63217745021853,78207.37396264225,3.8676826912385405
360.3603603603604,188.7472470502653,57475.64924472131,7.458191506089651
361.3613613613614,389.83272118556016,225349.61765544146,4.909768210487937
362.3623623623624,118.77870337318461,141758.48104204115,5.578556361652458
363.3633633633634,330.7588351735186,-6045.19717921401,5.341027705768846
364.3643643643644,327.97004278586905,298281.5214172858,7.001158064957893
365.3653653653654,429.3157768801851,313039.3605231487,6.995126334149132
366.3663663663664,395.29356143390225,184837.1325377535,5.779252677933443
367.3673673673674,418.63934537833734,26457.126010636843,6.335456229912036
368.3683683683684,343.0906481761309,216562.80807687045,5.756324485936006
369.3693693693694,162.98591320206256,217209.82587407768,5.490843491633745
370.3703703703704,241.87414022731141,65698.56217515016,4.116782159449284
371.3713713713714,214.74378069591918,118667.79189252298,7.182356237540189
372.3723723723724,301.7404559691724,322873.42681667855,5.395406033718809
373.3733733733734,304.31721853637623,156184.45535237863,5.687894281775458
374.3743743743744,348.3665104980571,51250.663776311834,4.856894119722803
375.3753753753754,302.4342822490929,134898.7127809463,5.505754835993006
376.3763763763764,482.2199688955134,266877.76988838235,5.7428059216774345
377.3773773773774,420.30367566212226,167935.04550185928,7.074269574335492
378.3783783783784,184.48884477716567,235144.8924922356,5.433416647120815
379.37937937937943,513.6786129846361,53916.38308229056,6.948499617025994
380.3803803803804,430.99946103301914,126970.47373040293,6.908871099721497
381.3813813813814,200.3675378722174,215933.1792078457,6.654664680378656
382.3823823823824,324.2523217284669,87196.36887264662,6.111099102288137
383.38338338338343,281.09349906062516,364876.96425127756,6.420136228950062
384.3843843843844,276.46386732414015,207878.49772045572,6.537852970915664
385.3853853853854,547.0001640741004,194492.00786940253,4.835394370887326
386.38638638638645,403.6303322013593,206715.7903794783,7.318379413941282
387.38738738738743,381.64386424951346,272229.99228950683,6.1865149994676125
388.3883883883884,427.8433308861062,99947.70635381911,6.8993800062077995
389.3893893893894,346.56310595727064,183203.42072951508,5.813571302496125
390.39039039039045,370.5936830853696,306187.5864359436,6.538544804314006
391.39139139139144,576.4494805479785,192406.45613219,4.165858123415784
392.3923923923924,535.10812698372,-52066.167302038055,5.382280271184825
393.3933933933934,735.9710332518073,130969.06895049935,5.361056331412038
394.39439439439445,487.31338919786367,236162.52750810998,4.467642888958305
395.39539539539544,359.08242373629037,205810.79681257418,4.593267619994292
396.3963963963964,346.72309981509744,168544.2095812201,6.849159663383858
397.3973973973974,396.21688575694037,289887.259334418,5.760388020177037
398.39839839839846,498.17639655493736,413679.6019177282,5.389642999435153
399.39939939939944,355.8060380338142,230039.5816602518,8.071266558299078
400.40040040040043,327.6345027534021,201100.1621898087,6.388300259666875
401.4014014014014,447.44802275927634,195255.42636420464,7.325088092439227
402.40240240240246,486.31366172169396,72930.32286568926,3.691555394728497
403.40340340340344,254.263620846249,153408.9670615133,7.034175443789832
404.40440440440443,400.112235669995,178812.75840487724,6.0019279010363284
405.4054054054054,315.3695842848017,164697.47635031384,4.935222460043377
406.40640640640646,310.2968762876685,-21968.287817977834,7.6826323192104535
407.40740740740745,329.55919335833755,154895.25201119864,7.416490829951099
408.40840840840843,382.1856920363386,203219.9370175887,4.644631689354915
409.4094094094094,442.0062748137108,17126.36698022246,5.7534545079336175
410.41041041041046,376.70435253164055,188254.74607057375,6.273162317666696
411.41141141141145,352.39478344212637,178236.6342015833,6.35201878803103
412.41241241241244,404.86934803004016,251878.6909819211,5.529643173212739
413.4134134134134,351.34549322481143,216037.80225910453,5.704058553082555
414.41441441441447,277.3422329293421,172931.00642906694,6.760551539279475
415.41541541541545,404.0601250511025,283100.3922919431,7.17900159709624
416.41641641641644,365.5153547713785,357253.7083897793,6.777210673531501
417.4174174174175,576.443478407933,352886.84876199695,5.168491109616273
418.41841841841847,356.0647519461233,183795.03077896396,7.239826625052011
419.41941941941946,382.06620461135816,269316.2734742071,6.036651394705679
420.42042042042044,444.3483382325688,352149.23803056957,6.419608823945559
421.4214214214215,492.33470171697303,363853.9086869706,5.3174007243664025
422.42242242242247,404.3855116250353,275808.97919083526,6.0423418127122925
423.42342342342346,627.9804439179544,154304.60931385297,7.176105959193646
424.42442442442444,355.7025285056237,4637.044378003018,6.026870279285126
425.4254254254255,406.83579405878,188017.8337137573,5.916014669052932
426.4264264264265,660.9112984864719,177902.42872805413,6.276696356883491
427.42742742742746,458.23477873928516,294765.2748351589,5.681144477878004
428.42842842842845,474.36709897441426,-40177.95533921823,4.848593513673399
429.4294294294295,267.28523295771345,189795.7299760903,7.440956049692286
430.4304304304305,543.4473546206779,402200.18179524736,5.535282740605786
431.43143143143146,540.3896664706799,199098.58029170346,5.42376832543075
432.43243243243245,421.98734381550094,125265.53153055505,7.48236891860572
433.4334334334335,500.5343360771185,-30063.84638685899,7.266192790110416
434.4344344344345,331.2152267056872,224151.26445217844,6.732172548648688
435.43543543543547,395.92854160712295,179979.57742344405,6.257901124570121
436.43643643643645,415.1663473580508,241135.88975932752,5.352523146804697
437.4374374374375,491.7951154806656,273884.50871998613,6.848789258615476
438.4384384384385,455.04604252776784,93515.17649208342,8.372399768311189
439.43943943943947,603.9094178893384,138389.18370037948,5.488779351955372
440.44044044044045,437.49753900806274,239808.71439392536,5.037086227336428
441.4414414414415,349.98475349920824,208762.2271299381,6.547071258240571
442.4424424424425,569.5408893708541,120649.29676503576,5.797888576617661
443.44344344344347,383.65803663072415,130269.43499296445,5.006977465351062
444.44444444444446,487.403061195795,89448.69209942904,6.268127772998088
445.4454454454455,359.88066272528124,49016.569762033294,5.549638112200312
446.4464464464465,544.851595368937,192053.79218435226,8.606934463342487
447.4474474474475,373.8839296755274,98217.34833786369,4.7442464791697825
448.4484484484485,309.92623443736863,383706.54373378435,5.529297542581254
449.4494494494495,599.8817854516479,172787.8452326432,5.8329425094986
450.4504504504505,507.3925671290434,241820.5811594513,7.826108261643129
451.4514514514515,416.8269278876565,199275.63812234896,7.411972578682175
452.4524524524525,438.8088650113353,210951.43651681332,5.216544987325261
453.4534534534535,430.1251361174281,150627.5644903636,5.2732330677287225
454.4544544544545,511.1538108901781,159698.6517608668,6.682925659277085
455.4554554554555,413.6032322421089,246901.40360131618,4.601483260453936
456.4564564564565,569.4475102871351,431028.1869211699,5.0244731805385
457.4574574574575,362.3847012038444,213298.8108474664,6.389254793502636
458.4584584584585,524.5971372262064,168109.48379543982,5.8232493302601185
459.4594594594595,479.24888577619845,351390.9182327591,5.971961813483915
460.4604604604605,330.3565880680947,149199.61784461726,6.794872027388913
461.4614614614615,536.9720773717866,222292.01397966425,5.833186934574096
462.4624624624625,488.4256746854161,184928.85315640003,5.150597322185194
463.4634634634635,320.523237031887,263565.29761314654,5.290886411103137
464.4644644644645,291.2324537265005,345567.85343997675,6.645850065805841
465.4654654654655,367.8046328360063,299729.739198241,6.489191266612918
466.4664664664665,298.63518493498765,241219.38487033456,6.3883983754298095
467.4674674674675,351.8139728763258,247383.95699987223,9.347979391109089
468.46846846846853,598.4549553352917,75564.43896664135,6.202931254226279
469.4694694694695,456.0009555565987,318618.8430723615,7.326692078860865
470.4704704704705,334.3424856221195,189149.3584842274,6.18103044643728
471.4714714714715,611.6603646278247,47834.60705010861,5.066175844473639
472.47247247247253,456.3551845924854,162232.94129967343,4.818743215278031
473.4734734734735,552.5396734047298,298276.5709574504,6.942102900098852
474.4744744744745,489.5361674528686,198253.1084171399,6.713315892067344
475.4754754754755,416.301897533298,258314.1996465999,4.544595536930055
476.47647647647653,443.7274518388467,250808.83656895964,5.613062430780895
477.4774774774775,463.93178396918876,336937.41412135726,7.574651051101349
478.4784784784785,547.549757761056,248395.63494412732,7.238415512285042
479.4794794794795,601.5213015407644,158167.07044042426,6.102572039288432
480.48048048048054,589.7938245377047,315243.0002698315,5.182611147329969
481.4814814814815,380.81728434110187,397611.4931910058,6.231098161584161
482.4824824824825,481.74952729971466,242569.66682191007,5.37770775756911
483.48348348348355,464.9007549091944,218140.6813822275,5.477860377525968
484.48448448448454,544.9669855486989,277607.68176967866,6.211469550123325
485.4854854854855,677.8971034742216,366918.8547464017,5.958022112762858
486.4864864864865,531.63279421891,242943.86659309707,6.399535900872468
487.48748748748756,524.1757358388058,337677.5785802492,5.158630811941963
488.48848848848854,533.6972677434226,395765.30535838177,6.897270984811759
489.48948948948953,335.0507273631345,397085.3736147033,5.483579590633747
490.4904904904905,686.9547038826765,102616.92867815617,3.9341409271912187
491.49149149149156,392.24291056044126,206140.96756645569,5.990703523430004
492.49249249249254,373.08804489763634,199650.77185548653,5.9283423440911225
493.49349349349353,616.9159138251176,130717.11440777442,6.8403241958026895
494.4944944944945,535.4692034747887,407161.7391533267,5.82156076949293
495.49549549549556,494.9939670456005,-25011.763204910996,5.07742803323121
496.49649649649655,537.5286507534555,88539.28514371079,6.169120761803906
497.49749749749753,575.1508691020366,244636.13323746953,6.079810636565231
498.4984984984985,564.0795593469043,100571.52214789344,7.383807413367638
499.49949949949956,339.88684794700737,137464.74887247648,6.0708185427824155
500.50050050050055,437.2510933472812,161689.31013755125,6.0950201922014
501.50150150150154,621.2924669870706,353649.3428668609,6.943801532792747
502.5025025025025,704.3910464201489,120983.72044939795,6.550224077706563
503.50350350350357,483.112484381081,313074.1446429839,6.5488729620839985
504.50450450450455,534.9297214804054,316348.0034554863,5.126735996571882
505.50550550550554,501.5964919776745,302168.2766237848,5.482847266437987
506.5065065065065,557.1743688720817,425446.6586272374,5.122556638886173
507.50750750750757,430.6241373944305,350045.5351524063,5.562638171562844
508.50850850850856,392.48033532798775,254462.37043394352,7.405426516750601
509.50950950950954,374.94598253579875,267868.0636446706,8.976185834738095
510.5105105105105,410.2036455643163,277615.96298815374,5.847701296322541
511.51151151151157,625.01544981778,162297.31258995482,6.207654436375649
512.5125125125126,477.49948855752325,312759.9777980013,6.854100391544036
513.5135135135135,467.87864706880737,273523.7094144016,7.398549328851824
514.5145145145145,566.5607938950787,267170.7935277173,6.055195990231701
515.5155155155155,431.8819276732393,255053.33224243746,6.459932002549579
516.5165165165166,444.26194104566997,304107.27121613605,6.030580345093026
517.5175175175176,311.5510088751169,307951.16169333376,6.405688422625626
518.5185185185186,431.09437467939244,85468.6034318335,4.892188476814555
519.5195195195196,518.9702451782333,338525.3176455448,5.512587373809292
520.5205205205206,615.054385199146,135150.8755524842,6.522576612589623
521.5215215215215,509.6751923150252,354552.2928892462,6.250963612085285
522.5225225225225,443.5985544846943,455678.33134216454,5.420516888913972
523.5235235235235,571.9470579419476,353511.7705720686,6.9691391697797025
524.5245245245246,517.1566154625394,83488.13856581473,6.818619261556975
525.5255255255256,558.5136078091375,37223.862973614305,6.476288402020315
526.5265265265266,481.81415484604855,379655.71786579664,5.859172588127941
527.5275275275276,620.4855963992434,425784.6709706143,6.035850381866395
528.5285285285286,479.68608817838197,240824.5101759737,5.154856799977482
529.5295295295296,428.71722487882664,134739.43441885026,4.953828514600038
530.5305305305305,544.6051731075759,459481.8862599934,5.31892732885158
531.5315315315315,534.7287984977451,262348.485555977,5.192315092201207
532.5325325325326,472.86040735454856,257222.94914648007,5.811170150002938
533.5335335335336,548.7457052931373,253392.4376581251,4.151607265970232
534.5345345345346,502.95565509270364,419300.12367750134,6.416347493754702
535.5355355355356,746.2128093216637,143478.08657245978,4.70054658844365
536.5365365365366,516.4355791563063,378104.4321603206,5.249217475340867
537.5375375375376,592.595835012705,340663.4797254851,6.898651380521623
538.5385385385385,500.06714104156543,301643.9556276962,5.786666096470305
539.5395395395395,611.5875594906981,299040.2115363975,4.182334498191036
540.5405405405406,376.9929123295469,540635.5633372497,5.265369493168645
541.5415415415416,613.6326540657337,274284.2327135786,5.864744805418651
542.5425425425426,621.2259674570657,404105.5378986848,7.764865649161644
543.5435435435436,550.0860133521195,42359.87467808038,6.1077199393345305
544.5445445445446,546.9537643702256,471569.1283437093,6.2548702243053125
545.5455455455456,510.1370939117384,368626.45119277854,7.137802670067806
546.5465465465466,582.6783189153724,407345.43641698174,5.821468186715062
547.5475475475477,565.2673407310741,163080.6245278064,6.436696885536571
548.5485485485486,394.2467258002872,327417.91226779064,6.7299798057301405
549.5495495495496,560.1333144222874,235086.89012889864,5.562436755205014
550.5505505505506,647.6957813997037,414397.5834546322,4.5928893564734725
551.5515515515516,567.2200216664532,307340.33720344753,7.169295789975491
552.5525525525526,509.3062605068757,383938.63447139447,7.549601740739139
553.5535535535536,577.764374828953,313831.92352767405,6.881071158491316
554.5545545545546,536.9875780732399,182174.77621911943,4.869625428775187
555.5555555555557,340.2541722526761,275547.2648816858,6.54582393766455
556.5565565565566,709.2338346457196,207003.46384201484,5.504534893976794
557.5575575575576,533.2464448222827,189026.73326437845,7.080993789634711
558.5585585585586,332.7962696934013,211448.25883386558,4.456466466997193
559.5595595595596,395.81462915890177,402759.07941245823,5.81322465483326
560.5605605605606,770.141840553041,300392.070190052,7.559485767735577
561.5615615615616,393.1331018956956,433930.91752337746,5.758163805454547
562.5625625625626,496.8278755033311,290743.6302579059,5.380364923770128
563.5635635635637,635.6729846757855,387776.88269981416,5.223087472039057
564.5645645645646,659.9731655450088,109930.19173323805,5.076863384670522
565.5655655655656,359.02170054827377,201333.58403262455,5.654518138824265
566.5665665665666,470.25893387339846,256387.42478797113,5.60669052298092
567.5675675675676,550.7879376676067,414700.9075340059,4.366380437475608
568.5685685685686,595.524526101555,410126.8245341805,5.83873271829871
569.5695695695696,429.7869595091622,364642.73630273226,6.155934940930288
570.5705705705706,376.72057592741464,231707.30589414126,6.819732722855017
571.5715715715717,387.29740066270017,296820.21884135704,7.020765669110874
572.5725725725727,297.81664628490637,372796.35370660434,5.857971723797364
573.5735735735736,401.29035271525265,245133.82903562498,5.08837592733307
574.5745745745746,757.9520439446931,90723.40876016705,5.565272517906314
575.5755755755756,731.2860251735541,303137.34549213253,6.344242121804088
576.5765765765766,425.32033990742696,226351.03237005026,6.089885831093141
577.5775775775776,566.9945694496774,270444.69815356535,6.9759584261276615
578.5785785785787,687.0322724275859,422446.6801680739,6.324833417607065
579.5795795795797,652.320580989065,319363.23414588295,5.654403166981193
580.5805805805807,688.7003227144285,546204.6208751427,7.261159613673393
581.5815815815816,411.05044647887814,336791.7887257225,5.757241017568281
582.5825825825826,626.9909971230179,331474.4484728586,6.87610748045166
583.5835835835836,535.104975473024,238506.97528485785,6.585214176848782
584.5845845845846,537.0964227953369,304526.28130565083,7.790619336342017
585.5855855855856,656.447135026787,368408.6023289667,7.2894923100147135
586.5865865865867,556.2887819434217,291175.69899513305,6.913943951563808
587.5875875875877,594.33335883585,224097.28250046496,6.499867095545382
588.5885885885887,598.9196726713772,277754.44677399413,5.791517572644542
589.5895895895897,513.1881128321667,350689.5523448346,5.596227068337293
590.5905905905906,602.143873620017,410205.90554910776,4.874026779471574
591.5915915915916,482.57744801615655,432403.9817534083,5.946760750583464
592.5925925925926,538.6699591999109,356519.7268465772,6.653450780134435
593.5935935935936,473.084285891223,251976.58630736935,5.349258429184252
594.5945945945947,506.9699959817321,413749.10149295593,5.402362969484084
595.5955955955957,562.2874843626859,457238.3321980182,4.777648498948855
596.5965965965967,588.5065249620058,444262.41847699595,6.870860905969583
597.5975975975977,686.7212767792806,457881.50657094945,5.94542729013764
598.5985985985986,405.0931087954933,406065.36161730747,5.296227799333324
599.5995995995996,689.7678571632341,421215.0499116641,7.296098393452001
600.6006006006006,496.23860697080363,223958.82370056384,6.454166470977956
601.6016016016016,754.3308961905956,405142.6464490352,8.153028935165976
602.6026026026027,665.2844076472774,397410.95925517107,6.4045907779775915
603.6036036036037,484.20033717167564,639088.7706807742,7.315840998022352
604.6046046046047,513.3175650487094,231109.35063564518,9.598796586049259
605.6056056056057,576.4780464599036,256833.72797347343,3.378382441269353
606.6066066066066,603.423240873214,228667.51288207207,5.527994438576904
607.6076076076076,837.0390202891404,441990.0555171675,5.482603721088424
608.6086086086086,627.5804268023229,435717.8668253074,5.577376937458902
609.6096096096097,757.641738892977,258701.44320760568,4.991354142429427
610.6106106106107,671.9677229128624,397331.06716178136,5.77387591066217
611.6116116116117,520.221336409244,751924.2441516316,6.242289297484554
612.6126126126127,679.2095212186802,494644.9860150019,6.913162046424217
613.6136136136137,576.7402494963347,403401.0085969941,6.802364188185439
614.6146146146147,602.1359399977748,325909.31724507146,7.390200537878924
615.6156156156156,646.8373757183591,298907.28368170955,7.28640569189721
616.6166166166166,739.3920097812154,377590.51128752186,6.103567536552565
617.6176176176177,658.0557491063947,338356.80913636595,6.39452117860885
618.6186186186187,722.1198383210748,184441.6472652449,7.067795868896209
619.6196196196197,635.5429516383552,199698.3392724618,6.90770338931051
620.6206206206207,753.7709849772664,440990.789180738,7.314624959886229
621.6216216216217,450.61925624221914,417035.43036074354,6.853786787791633
622.6226226226227,414.35719262643704,362984.12397649046,6.797299152735032
623.6236236236236,483.89945571221597,345985.38085974264,6.441565734064377
624.6246246246246,699.6096179642096,367833.4867768199,7.206131772179259
625.6256256256257,713.7587502543182,476830.5737040992,7.411083084249851
626.6266266266267,621.2132955428913,409571.190240382,7.35017868824249
627.6276276276277,583.0287911774717,468918.9747452567,6.233041090987665
628.6286286286287,495.3047814469911,306150.49083594204,7.215628633075574
629.6296296296297,519.4437951867455,387500.9496504669,7.2082693285092185
630.6306306306307,750.2839061359502,427845.1009273925,4.921056360019805
631.6316316316316,577.8824370460848,266549.91428340005,6.108049174613722
632.6326326326326,524.435758165962,455580.8389852907,7.059664287773282
633.6336336336337,610.5038394194509,386841.9639319148,9.097942571034183
634.6346346346347,652.5440652928329,389389.76196499984,7.094679438102229
635.6356356356357,709.5171399864776,397174.58449253364,5.650426175106892
636.6366366366367,585.093084184805,551806.6975634713,7.293501236396869
637.6376376376377,665.1841876952262,356680.61850884417,6.201969339250678
638.6386386386387,604.9935921956577,512681.43414581544,7.734427546266405
639.6396396396397,606.6384711146619,370937.1496255162,6.198185659165082
640.6406406406406,732.1888521513966,412180.17327582266,7.71073856738326
641.6416416416417,631.4171945311846,536371.3625375847,5.097690137625305
642.6426426426427,596.1122546660982,333450.84179736045,7.248151216940309
643.6436436436437,651.2729936464506,453690.35283212544,5.22772793696821
644.6446446446447,812.5602061349705,417359.2082198014,6.452671488625903
645.6456456456457,661.0265337672665,443970.6194474055,6.782094055120115
646.6466466466467,577.2760922811469,492886.9786269362,6.438202564803768
647.6476476476477,608.9630646188257,304773.56043954665,6.213011762435482
648.6486486486488,449.35125017428004,376290.74255119317,7.470240882627245
649.6496496496497,588.6868789590952,125273.19162107573,6.095257228323563
650.6506506506507,659.9019679736895,526456.2843407616,5.6897209917680325
651.6516516516517,672.6341934142328,548001.0414735515,5.369057130550869
652.6526526526527,558.5338121641544,420512.0307411195,6.725005175186984
653.6536536536537,561.7211606274893,521242.70294904086,7.14472954846527
654.6546546546547,552.3377840542145,324366.25163043855,7.879547076432507
655.6556556556557,913.8971631718753,528923.8440320364,5.628416625193228
656.6566566566568,728.4123676395814,371016.6327150832,6.653887401406648
657.6576576576578,719.5270714742926,517575.1394773827,4.714576453375937
658.6586586586587,665.4806141092549,444450.7864269171,6.471685526572631
659.6596596596597,826.1143086770921,404323.69954792835,5.271726857945391
660.6606606606607,584.5624650020743,345980.09857754945,8.355105826105511
661.6616616616617,535.0744447867335,317548.6718985365,7.470091041355411
662.6626626626627,664.2303861748001,317455.5297605526,5.768859350876817
663.6636636636637,660.5124506839553,480543.16220727784,6.990204772782215
664.6646646646648,484.6869877266237,430531.6966768043,5.650706285878486
665.6656656656658,589.5487362252775,340636.4699916067,4.952733702238993
666.6666666666667,577.1232470384984,268625.9667494403,5.3849946069577985
667.6676676676677,819.1076362196015,412344.7369188163,7.489542017810378
668.6686686686687,821.5447393860561,510505.22770298435,6.598073019133787
669.6696696696697,695.7007845844694,359529.2401889422,6.081854602847231
670.6706706706707,696.6327021695779,439690.53416589927,5.489892537593968
671.6716716716717,765.0088905590044,406151.75132970914,7.5473326974475805
672.6726726726728,637.5142923107943,618271.2729004085,5.4554032799726455
673.6736736736738,953.4697340636058,502341.57612817653,5.90027114738362
674.6746746746747,668.9506263205498,464785.6264978933,5.814064478513043
675.6756756756757,739.5553184494303,435152.9803169426,7.841774988612091
676.6766766766767,858.87263952391,513869.86596838676,6.997429613727997
677.6776776776777,745.5067721685855,322122.2139106097,5.640961306300728
678.6786786786787,746.2099656971509,489439.92452356237,5.706796675940066
679.6796796796798,726.2290939292025,303103.7668953445,5.011276210000867
680.6806806806808,718.5727449495749,516184.1756697672,5.019281278897729
681.6816816816818,756.3093202092039,530578.4690178189,7.0039339332645225
682.6826826826828,712.7164291597293,409774.6496362387,5.919813635930602
683.6836836836837,570.9649353856246,474367.1364112857,5.945102267676124
684.6846846846847,635.9038072701996,452437.06525563775,6.619689201376267
685.6856856856857,582.8917654243019,432239.60095136287,5.376917363896981
686.6866866866867,650.0852846977642,551295.8980041688,5.666183154389742
687.6876876876878,703.1876096889062,373920.02237706276,6.886479236093473
688.6886886886888,623.8032709142034,332376.0874279081,5.785722738057241
689.6896896896898,685.3885066724473,668356.7123454427,6.744858743965603
690.6906906906908,690.659001032096,485495.03808649705,7.7238863712105
691.6916916916917,736.0052274342012,350815.4301543666,6.714271234496619
692.6926926926927,699.8150447787855,398838.3774986854,6.618402783526777
693.6936936936937,614.4561859556734,440237.6028176565,5.132962154060144
694.6946946946947,615.1542703887026,503931.79083639994,6.0765794178003105
695.6956956956958,672.2712712115865,589473.2631720157,5.8956048469828914
696.6966966966968,666.1309415688814,367822.2727450319,4.643493716471607
697.6976976976978,669.7551396590602,473777.1994703678,5.686196411312156
698.6986986986988,730.9550234802527,615653.1780210534,6.4446654498213025
699.6996996996997,799.551917460672,325765.93332688464,7.100709850492409
700.7007007007007,685.4616455549005,418028.4766033852,8.084139772030486
701.7017017017017,796.3329713419259,491764.2855728962,7.83693589198188
702.7027027027027,494.96309230195277,505529.81172055885,6.551875765604155
703.7037037037038,625.0890454220108,426881.7794263174,6.537745899926424
704.7047047047048,630.9074028529083,542444.2043932847,4.47066791480864
705.7057057057058,498.384247919715,429868.1356351058,8.157819046093328
706.7067067067068,741.9627588953446,399561.4633390792,5.408454063978253
707.7077077077078,712.6457867195463,624602.7262019841,7.535233727664004
708.7087087087087,761.8067709631761,581980.6952297383,6.100015994447439
709.7097097097097,746.4612337328648,467190.8083559699,5.783721185728187
710.7107107107108,633.9663479565079,622874.9675729054,6.931429255978629
711.7117117117118,736.41221241869,423297.34204487153,7.231067005810163
712.7127127127128,628.8178749785312,485579.42774328415,6.93759619017513
713.7137137137138,532.2437100128143,416891.51411469013,5.694917637228244
714.7147147147148,570.5490685659138,415199.6273592551,6.927317617527794
715.7157157157158,742.1418030529245,316757.03411060956,5.839730588909473
716.7167167167167,823.8434547268441,637088.8236436334,6.970520974215037
717.7177177177177,737.3230416208764,499822.7943441902,5.755117288583012
718.7187187187188,767.8063524576679,343420.167942501,6.581121198326317
719.7197197197198,707.7682881734197,455447.59705242584,7.361653748933977
720.7207207207208,851.2308715450819,655995.4358151264,7.727145359047292
721.7217217217218,848.3668470682242,531911.5176965568,4.47999418271039
722.7227227227228,675.0225953027178,561527.2647286183,6.785630909081456
723.7237237237238,639.9103442861806,420470.7986609531,7.290820799914241
724.7247247247248,771.7542615599756,670742.0749968004,8.117114649497744
725.7257257257257,658.9849608127854,601624.8918722604,6.409581071738171
726.7267267267268,836.4294023392179,471613.912176126,5.784737185126735
727.7277277277278,769.8106413128038,599872.5914168321,4.265485912700252
728.7287287287288,586.3099292940049,721836.1870294465,6.582511015807129
729.7297297297298,749.179525915746,481466.03239674825,4.879986833042817
730.7307307307308,781.5720620505581,535149.1377556522,7.203997959120683
731.7317317317318,488.65604354830936,472047.7078029056,5.801991571370922
732.7327327327328,759.2347229424206,679658.2322080855,6.741388722864438
733.7337337337337,807.4681311534022,554938.8933292414,6.119100665746209
734.7347347347348,791.0649508600843,624702.6349712289,8.094754781816448
735.7357357357358,788.2585325608976,358220.2258515097,7.467706693548477
736.7367367367368,525.0892027101263,438673.8986743976,6.457538496717851
737.7377377377378,783.2225086591952,615667.719886529,6.147836364776638
738.7387387387388,794.2566422879881,694183.5382371625,7.886575725254788
739.7397397397398,805.3703782598961,581126.8101772489,6.979969532683942
740.7407407407408,760.3790003889571,642963.1638573314,7.5794432029665275
741.7417417417419,690.4142389061864,578279.9982388996,7.588643037186153
742.7427427427428,724.7804208198153,700248.0984533428,5.16624767714779
743.7437437437438,808.0306304485003,661874.4859150181,6.1986043929143255
744.7447447447448,595.2210149039997,559992.4232620001,6.754929747389662
745.7457457457458,860.8852690870673,515247.90893802163,6.152885835297602
746.7467467467468,640.6750119659702,524801.8763426489,5.470359182297346
747.7477477477478,709.7360845850193,569345.2656334027,6.104220497534401
748.7487487487488,731.786986648133,819746.1595887239,5.564777007852541
749.7497497497499,723.8311627148681,586362.8936584361,7.054277615114271
750.7507507507509,746.37577809913,530365.822307631,6.936110632638308
751.7517517517518,743.496851693437,580684.4916589506,6.7965872482465945
752.7527527527528,764.3205955392981,601237.4609156315,7.806666359726063
753.7537537537538,711.41130208638,565720.0863355794,7.511950981298558
754.7547547547548,884.1999704977598,621463.939620864,5.794974877921137
755.7557557557558,816.8484821467831,622908.3800812208,6.6471204120228835
756.7567567567568,720.6704658578833,572293.0857633334,6.150764558700159
757.7577577577579,706.0969212554237,606027.1255054419,5.8354448875460445
758.7587587587589,651.2383377559868,635395.7771755756,7.752938109582015
759.7597597597598,490.4243744503702,443012.1124513047,6.511953823258074
760.7607607607608,655.452656688097,625075.4328453166,6.295075443164039
761.7617617617618,816.1577539251372,432566.88667064026,7.531616076799294
762.7627627627628,607.3911137116276,453878.6740130858,6.337974613925478
763.7637637637638,700.1886081464723,668854.9702310449,7.222142062081239
764.7647647647648,662.935978085047,442368.1471462606,7.036867391512489
765.7657657657659,791.7482915710855,482523.74580427434,5.071790782919752
766.7667667667669,716.5542393992653,497274.4157766035,7.444764159464733
767.7677677677679,774.1879931245485,746259.7942785166,6.749823550306303
768.7687687687688,690.7592514223627,559327.997469049,5.559505865470937
769.7697697697698,600.4533082749344,656906.8818603265,7.9593598079501415
770.7707707707708,736.2162834723216,459702.7439339539,4.131286982311904
771.7717717717718,676.5612927496895,618107.0108916685,8.434901496078696
772.7727727727729,950.3909386047114,732908.758803142,5.814267706864739
773.7737737737739,659.4173278874423,566924.2351358235,7.093624332887204
774.7747747747749,775.7824509800811,532771.7501263274,7.834083234406856
775.7757757757759,670.6965595353081,828332.2028472377,6.4909509812240085
776.7767767767768,677.4870488902175,752788.7835791163,7.201596955354171
777.7777777777778,988.1954504848762,767609.7937247595,6.830012654807721
778.7787787787788,761.8217831330098,667885.2333550785,7.254251626054263
779.7797797797798,1062.4651411920236,573011.6856889419,7.251394126512432
780.7807807807809,858.0160543578319,541457.9522589679,7.453671187294653
781.7817817817819,681.2030139037739,640910.4618144103,5.6989103939896895
782.7827827827829,856.0857881787526,739221.5108010445,6.43981726691577
783.7837837837839,768.3196037509382,653651.9666633797,6.786594706188438
784.7847847847848,836.1736037198242,586814.3661766713,6.224133246967292
785.7857857857858,792.5381281136472,440781.748980624,8.769474410384229
786.7867867867868,858.5194944753492,585095.9949508114,6.111910559590713
787.7877877877878,561.4204846029851,446098.2363692343,6.493581518914088
788.7887887887889,846.1604233295827,460655.293416803,5.58029275207549
789.7897897897899,673.0983698840413,753872.7513394394,6.379472287749633
790.7907907907909,893.7425515876822,486169.3791009544,6.7217801765512535
791.7917917917919,914.0532030805679,573380.2913221762,6.916888550295643
792.7927927927929,901.4190202623438,484764.65004154993,5.913937723823006
793.7937937937938,1043.7301348609967,705637.181911811,7.521056665070818
794.7947947947948,764.845855767031,842459.0495186101,4.977407264060572
795.7957957957958,651.2592497397903,609510.3250383154,7.911883571869677
796.7967967967969,906.1336376609611,604525.260548316,7.288240232596742
797.7977977977979,883.029221430014,694627.9789086372,6.080581672237984
798.7987987987989,761.0182258251382,655440.5218662376,6.709866257752886
799.7997997997999,831.9565357341033,545384.106531654,4.700598105449899
800.8008008008009,863.9988697581726,590854.5082563076,6.973920847100587
801.8018018018018,894.761812191033,695862.5608559757,7.60683049672797
802.8028028028028,766.328825309535,702159.2412109886,8.071355904244703
803.8038038038039,942.5981675413777,569650.5300151743,8.0035513003676
804.8048048048049,835.3783909897547,532344.0521538717,5.535829839405322
805.8058058058059,818.1333001380959,440526.3344375993,7.165377338132373
806.8068068068069,955.5850068576433,674193.027394192,7.2468992846850515
807.8078078078079,759.9535032444116,843623.561834448,6.722992158867581
808.8088088088089,888.6474910960027,806697.715178856,6.790630724111732
809.8098098098098,757.5283440202437,601175.3025109319,6.836820037677726
810.8108108108108,921.2993861573823,599534.9819595823,5.477129064027898
811.8118118118119,1011.9121976112099,563604.1049275899,5.828720988412943
812.8128128128129,653.6427238390447,590145.0259580133,7.790029407758057
813.8138138138139,642.3143496095711,643509.2234609387,5.810181258481695
814.8148148148149,691.3987572186468,575178.9966156331,6.987228549208641
815.8158158158159,697.29785493696,545262.3749594609,8.667145116275762
816.8168168168169,827.4734534116309,825583.8128131111,7.9478118688449
817.8178178178179,857.5586504042217,666667.9532228536,7.44458002967994
818.8188188188188,846.9360803757517,736162.5308142661,8.392326863608773
819.8198198198199,1059.370551887862,788580.9874462908,7.58048672030303
820.8208208208209,853.578443301776,621259.1312555022,6.82472700662912
821.8218218218219,880.1709229406783,640966.9775526357,6.082528031643617
822.8228228228229,805.4237815013435,503696.82803667407,4.51527548068926
823.8238238238239,830.3800445706822,759734.2480922997,5.519348160555711
824.8248248248249,890.4601970297866,869092.954113946,5.201227050417139
825.8258258258259,821.962047152481,781565.7041360333,6.832647955084068
826.8268268268268,842.9769378553759,728859.5208264028,6.037973479771472
827.827827827828,829.6378244821565,617495.5108614182,7.163157269327154
828.8288288288289,897.714743008894,782272.2474612925,6.101753128575631
829.8298298298299,772.8727419543342,489940.76872045716,6.457836650992357
830.8308308308309,834.1574046076985,601304.427938024,9.210840609130516
831.8318318318319,804.0648631268749,620636.3391636552,4.4321369596448745
832.8328328328329,671.0260080675869,706738.4155464219,6.021994412686803
833.8338338338339,704.9594315532399,667297.6448574917,6.737501127729055
834.834834834835,854.4461641132876,706094.1876195332,6.6403577263081575
835.835835835836,792.8502513495766,700808.7746819825,6.175748305565827
836.8368368368369,952.9613466306193,703891.0788851285,5.893810176564006
837.8378378378379,790.5925230115204,658733.7204123493,6.2740465814145985
838.8388388388389,897.0054548156793,566174.4651089642,6.151707935433345
839.8398398398399,806.1960650583394,675927.7654537951,5.727994840268461
840.8408408408409,882.668846450184,738469.6956642127,7.307712916401462
841.8418418418419,813.6070816371097,865033.7935026279,7.2330423569472675
842.842842842843,781.1427001667577,642302.6750417673,8.914901552024947
843.843843843844,855.9675462549999,803029.5515283358,8.23368501453514
844.8448448448449,846.2127370954091,856631.6843301604,6.046101133871084
845.8458458458459,892.6653201884618,727416.7978874358,5.6120684235951765
846.8468468468469,772.0614905630407,760658.7228004999,5.401211035320722
847.8478478478479,915.6766044599804,633590.0859417163,7.553233392395357
848.8488488488489,810.5672652519078,777597.8354150422,6.425474035142338
849.8498498498499,858.9070992045295,846425.5505181364,6.208127232465701
850.850850850851,855.5767436381342,664895.4311420999,5.718425983157028
851.851851851852,873.174041458084,676661.9733314174,4.904704204810511
852.852852852853,766.1335124752659,637967.4910963597,6.039576872815036
853.8538538538539,692.7708015237595,668142.10610628,7.609729665884343
854.8548548548549,893.4023961352906,671069.1517302523,7.31789192038889
855.8558558558559,806.01126824497,703272.1209692798,7.2156088988473694
856.8568568568569,845.4913587477677,608432.9105796259,7.639638273425569
857.8578578578579,1005.5104490646725,676408.794432782,7.033068208104659
858.858858858859,855.6704246164502,933107.5472837992,6.162426166778997
859.85985985986,1007.9966582839079,825774.9056313498,7.577973617758974
860.860860860861,726.0084176800319,710109.7536256892,8.373672584368613
861.8618618618619,997.3501725685642,601622.9942891442,7.315487273366112
862.8628628628629,836.7878959439138,858929.7135342713,6.520382548767398
863.8638638638639,791.3314473161745,725343.9744901876,5.4587612944101505
864.8648648648649,914.5615033919285,735864.986651431,6.062105675905247
865.865865865866,801.4977752300451,661102.0833379674,6.478327722634079
866.866866866867,841.2476186629913,650013.1359062137,7.023623540392226
867.867867867868,708.7411913113865,864363.5745329675,7.390152574298417
868.868868868869,966.4367520991907,647529.7949046376,6.480002188448176
869.86986986987,873.873254670838,928354.8493769108,6.205154217444414
870.8708708708709,972.1524815424551,746666.8729488779,5.990831221352883
871.8718718718719,919.3224695129298,835514.4571216663,6.526162689914973
872.8728728728729,847.2383375805529,720800.2663844113,7.3403088449963
873.873873873874,1004.400199304208,737305.2989233203,8.40328375373102
874.874874874875,913.5993475038731,832556.8472962257,6.067156551176051
875.875875875876,908.781713713353,847542.2159048303,8.241800932702464
876.876876876877,942.1159740609447,858666.8563683311,4.772897651000922
877.877877877878,977.6079286957311,823860.8967667271,6.860220367822417
878.8788788788789,903.9981810110222,696956.462160286,7.475526706624298
879.8798798798799,1046.221720700552,694788.2430850196,7.303747010279075
880.8808808808809,761.8534134091072,916923.1383598382,5.842019142474125
881.881881881882,820.034873199596,734820.0282169839,7.44420164803893
882.882882882883,918.1808769665327,840319.5966122805,5.758342523362394
883.883883883884,523.5993506405985,743640.7184538655,6.1630941199110225
884.884884884885,1001.7032218957094,952146.8323152832,7.414132634729882
885.885885885886,707.56772930068,619123.9251641252,7.395797791312606
886.8868868868869,801.6271241677348,701874.271268035,8.289737136249574
887.8878878878879,950.0191723172356,788074.2839768014,4.928150661697413
888.8888888888889,883.3716950150082,847005.6703158588,7.131068562774951
889.88988988989,805.6954839587755,689361.9070640348,5.090011109930111
890.890890890891,898.7757315573498,698552.4500891018,6.664465904364492
891.891891891892,882.5834976455259,764542.6453352226,6.832614139278302
892.892892892893,950.7404512139781,855951.4966969943,7.103981100130399
893.893893893894,923.967845380071,786491.4680384374,8.065173308118975
894.894894894895,1005.5602253494346,674765.8915904223,6.851552196200168
895.8958958958959,705.810954078823,812645.7399497828,6.885929999993898
896.896896896897,751.6360767943156,822712.1869858574,7.544163216269948
897.897897897898,832.7187931836977,686450.4221760622,7.696680305494155
898.898898898899,1011.2812672162049,848297.8237818498,7.069360943661999
899.8998998999,908.6710110519141,838737.1176457761,6.113837018307661
900.900900900901,786.3378048535258,794563.040662503,6.76335545579736
901.901901901902,858.2878539656976,890215.6156397631,6.933868837066335
902.902902902903,927.7892073042796,822335.8539392983,5.862616385048457
903.9039039039039,1044.1314538343556,956077.1644073669,6.160787056402795
904.904904904905,1130.8900050173306,820884.5524117613,5.47383152268187
905.905905905906,695.4868168203623,789424.6223828706,8.32894385091681
906.906906906907,928.1410688101302,838412.4225380564,5.357637465548917
907.907907907908,942.7992412055645,939266.7137781599,4.81664648321477
908.908908908909,861.1519733521066,896646.3618960191,6.834601915153829
909.90990990991,880.9584885488778,692475.7246216391,8.447395908477283
910.910910910911,926.2912777797683,962648.2165316226,6.42107867227166
911.911911911912,920.636562113003,813365.9704944715,5.929517763487014
912.912912912913,862.2905671230104,940512.5553330274,7.951062999691985
913.913913913914,923.7473807679025,813081.4715501863,6.179034180659956
914.914914914915,932.2322218703416,788273.6399862898,6.615053816410758
915.915915915916,888.0251098087577,805380.791012567,6.230711042080087
916.916916916917,940.4563284493443,949443.1848818731,7.282393257449914
917.917917917918,1003.3080062857664,786471.3992019828,6.999409138036586
918.918918918919,629.9003480392496,734346.8513153852,7.2998922114542015
919.91991991992,928.3341585120841,1031612.2314833474,8.338327599118054
920.920920920921,1058.5325306240277,947079.2416838354,6.516650721582212
921.921921921922,975.3120589260524,804079.5802711647,5.302387104711711
922.922922922923,1035.1160323635013,729044.7158854877,7.235634905921218
923.923923923924,1056.6367321767652,718735.878874431,7.024077458067997
924.924924924925,930.3967967821516,916212.6891999317,7.246743296063853
925.925925925926,956.1537113282725,725706.4255794233,4.868661351113749
926.926926926927,1087.9497194578953,1064655.5614535648,6.498245975523922
927.927927927928,1116.1293513845033,933078.0983016009,8.143964591841952
928.928928928929,863.6299697530596,826163.8254666569,5.332769671248243
929.92992992993,1106.1926430428598,954979.4442956243,7.891645651466526
930.930930930931,967.5489748412035,762273.5165975998,7.7743353250837925
931.931931931932,982.6180213301922,714155.939175895,6.327977504514536
932.932932932933,780.1998922757941,969375.8947113557,6.656775425366113
933.933933933934,1036.2151607382748,840437.5414764384,6.774804728664144
934.934934934935,822.8087868534532,796512.3170679333,5.756875325471739
935.9359359359361,927.8356032904179,856283.5443630299,6.771879512024829
936.9369369369371,762.3855881008221,1004087.8036519517,6.012113542880326
937.937937937938,672.7912679909332,1052757.6586689616,7.022172784233844
938.938938938939,843.9845627531008,920683.5392062955,6.998534314324178
939.93993993994,1181.3773334135672,963355.0026169005,6.59703701963648
940.940940940941,837.9443756745584,791443.9954489018,6.01280074658013
941.941941941942,910.1329935087355,1008822.3007177943,8.755431733786953
942.942942942943,1008.0022851446994,900846.2602148105,6.4628261330601635
943.9439439439441,956.2199843101107,981536.405711978,8.122718110352562
944.9449449449451,997.9909344337171,963838.4532235812,6.420970208338431
945.945945945946,785.2422707702976,797128.9398323272,4.216603206255484
946.946946946947,658.4643375930311,668226.8976561398,5.324161662877982
947.947947947948,928.917683135594,839452.3117128031,7.731660227793033
948.948948948949,1040.5976794065418,1080699.921096254,6.321131302946381
949.94994994995,1117.3096889283966,793981.363789235,5.4028842401207315
950.950950950951,967.1619937592255,903320.2616643412,7.099196979583938
951.9519519519521,968.5126978270541,1008814.0120448964,6.031101987489708
952.9529529529531,895.1308238724737,963332.226518974,4.9230272153791095
953.953953953954,924.8063104312387,1103600.7463940035,6.3360717850713675
954.954954954955,864.9709729411618,853064.0896928922,9.567337617532239
955.955955955956,925.3419937256493,827822.320981001,6.854131667797534
956.956956956957,974.3668330060843,902471.7293139803,7.880304677547786
957.957957957958,1070.7652628510452,913480.2220770406,6.856627715170329
958.958958958959,952.4824084028653,872293.4687370423,5.705738405842007
959.9599599599601,876.6304125731133,1133025.2897018588,5.691711147006266
960.9609609609611,712.3307153418525,991944.5796547655,7.200915955839242
961.9619619619621,1112.9345773614232,979668.3830139765,7.772102361485842
962.962962962963,988.757752448086,1020618.7605883516,7.651692072974798
963.963963963964,964.9967854109937,972265.920904873,6.2448898327973215
964.964964964965,1080.0474260907263,966071.4924534665,7.574960120856349
965.965965965966,915.686790053951,954442.7842056416,7.2648079494409155
966.9669669669671,1205.3677847284057,850403.6832250424,8.592796456249433
967.9679679679681,1120.0286660500637,995877.839570499,6.4979814572626635
968.9689689689691,921.2716084941022,987750.0743400326,6.774575844716835
969.9699699699701,969.9198414197901,844971.8811741783,7.194506502022582
970.970970970971,981.2384301929234,863051.8816623474,6.065545847925064
971.971971971972,1031.4809565541893,920590.9953758401,7.020954421459875
972.972972972973,1081.1136594194486,1090125.2260725985,6.332798736415463
973.973973973974,927.3588382654841,900933.1831070337,6.090950067489319
974.9749749749751,974.325122942015,1052588.3315857577,6.6416594641531255
975.9759759759761,980.4716579329729,1032934.9814424366,6.3552475410023845
976.9769769769771,770.9649608909837,926369.9129601625,3.44764515799933
977.9779779779781,913.8119843379927,925925.8061402806,6.004925691067987
978.9789789789791,987.8772894126282,934281.0105168677,6.817478854472641
979.97997997998,857.3228762109151,1016905.9905999923,6.2338377207112075
980.980980980981,1039.8514932755643,946962.0484486338,6.767225968000122
981.981981981982,1042.7141225356554,877499.801668295,8.58383053010743
982.9829829829831,976.3883795526334,894498.7326853783,6.755911102251561
983.9839839839841,976.0501236562013,884490.3734504576,7.384613724099664
984.9849849849851,977.5862730197582,719609.8793019259,6.331393623144888
985.9859859859861,1124.5024724574093,880158.8830585004,7.248540962624305
986.9869869869871,978.5436648748489,985947.0083867665,8.745783390901286
987.987987987988,842.1398664162435,1141980.1713663924,7.5585605091444785
988.988988988989,1121.2119463894394,905064.8293223877,8.877558816409135
989.98998998999,903.8832713790539,950878.5772766841,6.174412258620789
990.9909909909911,1041.4349790139581,1093894.2381195347,5.7104081688785095
991.9919919919921,1071.7482645398218,1006877.2014427144,7.662175870599578
992.9929929929931,1034.8447731197464,694632.7932176375,7.9996975940942905
993.9939939939941,864.6221479811798,1006342.5990589912,4.893004938116745
994.9949949949951,1104.1311814443372,933349.2654269643,7.681944399981916
995.995995995996,966.8335775175146,887256.8151128814,7.659753118150634
996.996996996997,1102.5247285071875,828676.9006937136,7.154528837063009
997.9979979979981,1137.8455688067802,1122091.1038591436,7.454429431181386
998.9989989989991,961.0983129969819,819896.3101978881,6.402740691419623
1000.0,842.4546960224188,893890.8322636643,7.199861758922795
